0.01739042 9.528102580668272e-08
0.020203488 7.692700892695973e-08
0.029078091 4.5858461567139775e-08
0.041257592 2.6700596873993035e-08
0.058957985 1.6003178428013903e-08
0.100716535 7.530565769534258e-09
0.136909665 5.178577349144054e-09
0.183470351 3.608195808900662e-09
0.298138872 2.360309842862364e-09
0.608830112 1.8553153209291474e-09
1.413798762 1.812164560176246e-09
2.485128427 1.8425136454397245e-09
4.009597469 1.97513464214614e-09
7.623783288 2.4956756076087378e-09
9.048761619 2.7233567059229583e-09
